75 261
76 261
211 262
47 263
48 263
49 264
50 264
132 264
79 265
80 265
81 265
82 265
95 266
96 266
97 266
98 266
10 267
11 267
12 267
15 267
16 267
17 267
112 267
113 267
114 267
115 267
116 267
0 268
1 268
57 268
121 268
122 268
123 268
124 268
125 268
126 268
127 268
57 269
128 269
129 269
130 269
131 269
132 269
133 269
134 269
135 269
136 269
137 269
138 269
57 270
141 270
142 270
143 270
144 270
145 270
146 270
147 270
148 270
57 271
58 271
151 271
152 271
153 271
154 271
155 271
156 271
157 271
158 271
159 271
160 271
161 271
162 271
164 271
56 272
60 272
165 272
167 272
168 272
169 272
170 272
171 272
172 272
173 272
174 272
175 272
56 273
61 273
176 273
177 273
178 273
179 273
180 273
181 273
182 273
54 274
55 274
56 274
60 274
61 274
183 274
184 274
185 274
186 274
187 274
188 274
189 274
190 274
53 275
54 275
60 275
191 275
192 275
193 275
194 275
195 275
196 275
51 276
52 276
58 276
59 276
187 276
188 276
197 276
198 276
199 276
200 276
201 276
202 276
47 277
48 277
49 277
50 277
55 277
56 277
57 277
203 277
204 277
205 277
206 277
207 277
208 277
45 278
46 278
53 278
54 278
209 278
210 278
211 278
212 278
213 278
214 278
33 279
42 279
43 279
44 279
49 279
50 279
51 279
52 279
215 279
216 279
217 279
218 279
219 279
220 279
221 279
38 280
39 280
40 280
41 280
47 280
48 280
222 280
223 280
224 280
225 280
226 280
227 280
228 280
283 280
34 281
35 281
36 281
37 281
43 281
44 281
45 281
61 281
229 281
230 281
231 281
232 281
233 281
234 281
29 282
30 282
31 282
32 282
33 282
60 282
235 282
236 282
237 282
238 282
7 283
25 283
26 283
27 283
28 283
59 283
239 283
240 283
241 283
242 283
5 284
19 284
20 284
21 284
23 284
24 284
237 284
243 284
244 284
245 284
247 284
6 285
13 285
14 285
15 285
16 285
17 285
18 285
56 285
60 285
61 285
241 285
246 285
247 285
248 285
249 285
250 285
10 286
12 286
13 286
251 286
252 286
253 286
254 286
5 287
6 287
7 287
8 287
9 287
10 287
255 287
256 287
257 287
258 287
259 287
260 287
1 288
2 288
3 288
4 288
252 288
253 288
261 288
262 288
263 288
264 288
265 288
0 289
266 289
267 289
268 289
269 290
270 290
271 290
272 290
273 291
274 291
275 291
276 291
277 292
278 292
279 292
280 292
281 292
282 293
283 293
284 293
285 293
277 294
278 294
279 294
285 294
286 294
287 294
288 295
289 295
290 295
291 295
27 296
28 296
29 296
292 296
293 296
294 296
295 296
296 297
297 297
21 298
22 298
23 298
290 298
291 298
298 298
299 298
300 298
301 298
17 299
18 299
19 299
20 299
274 299
291 299
292 299
293 299
302 299
303 299
13 300
14 300
15 300
16 300
284 300
285 300
295 300
304 300
305 300
19 301
20 301
21 301
22 301
23 301
24 301
287 301
288 301
298 301
299 301
306 301
307 301
308 301
289 302
290 302
299 302
300 302
309 302
310 302
311 302
311 303
312 303
313 303
314 303
315 304
316 304
317 304
317 305
318 305
319 305
298 306
319 306
320 306
321 306
322 307
323 307
324 307
302 308
325 308
326 308
303 309
304 309
305 309
318 309
319 309
326 309
327 309
328 309
306 310
307 310
319 310
320 310
321 310
328 310
329 310
330 310
331 310
302 311
303 311
304 311
308 311
309 311
322 311
323 311
332 311
333 311
334 311
303 312
335 312
336 312
337 313
338 313
339 313
340 314
341 314
342 315
343 315
344 315
344 316
345 316
346 316
347 316
348 317
349 317
350 318
351 318
352 319
353 319
354 319
355 320
356 320
357 321
358 321
359 321
360 322
361 322
362 322
362 323
363 323
364 323
365 324
366 324
367 324
368 325
369 325
370 325
327 326
370 326
371 326
372 326
328 327
372 327
373 327
374 327
375 328
376 328
377 328
378 329
379 329
380 330
381 330
382 331
383 331
384 331
385 332
386 332
386 333
387 333
341 334
342 335
343 335
344 336
345 336
346 337
361 337
362 337
391 337
392 337
393 337
394 337
347 338
348 338
363 338
364 338
349 339
401 339
350 340
402 340
403 340
404 340
405 341
406 341
407 342
408 342
409 342
410 342
410 343
411 343
412 343
413 344
414 344
415 344
360 345
416 345
417 345
361 346
418 346
419 346
420 346
420 347
421 347
422 348
423 348
424 348
430 351
431 351
432 352
433 352
434 352
434 353
435 353
436 353
395 354
437 354
438 354
439 354
440 355
441 355
442 356
443 356
444 356
445 357
446 357
447 357
396 365
396 366
397 366
398 366
399 367
400 367
400 368
401 368
401 369
402 369
405 371
406 371
407 372
408 372
408 373
409 373
410 373
411 374
412 375
414 376
415 376
415 377
416 377
420 379
421 379
424 381
427 383
428 383
429 383
441 391
428 568
328 571
329 571
