75 261 01
76 261 01
211 262 -10
47 263 11
48 263 11
49 264 11
50 264 11
132 264 01
79 265 01
80 265 01
81 265 01
82 265 01
95 266 01
96 266 01
97 266 01
98 266 01
10 267 20
11 267 20
12 267 20
15 267 20
16 267 20
17 267 20
112 267 01
113 267 01
114 267 01
115 267 01
116 267 01
0 268 20
1 268 20
57 268 11
121 268 01
122 268 01
123 268 01
124 268 01
125 268 01
126 268 01
127 268 01
57 269 11
128 269 01
129 269 01
130 269 01
131 269 01
132 269 01
133 269 01
134 269 01
135 269 01
136 269 01
137 269 01
138 269 01
57 270 11
141 270 01
142 270 01
143 270 01
144 270 01
145 270 01
146 270 01
147 270 01
148 270 01
57 271 11
58 271 11
151 271 01
152 271 01
153 271 01
154 271 01
155 271 01
156 271 01
157 271 01
158 271 01
159 271 01
160 271 01
161 271 01
162 271 01
164 271 01
56 272 11
60 272 11
165 272 01
167 272 01
168 272 01
169 272 01
170 272 01
171 272 01
172 272 01
173 272 01
174 272 01
175 272 01
56 273 11
61 273 11
176 273 01
177 273 01
178 273 01
179 273 01
180 273 01
181 273 01
182 273 01
54 274 11
55 274 11
56 274 11
60 274 11
61 274 11
183 274 01
184 274 01
185 274 01
186 274 01
187 274 01
188 274 01
189 274 01
190 274 01
53 275 11
54 275 11
60 275 11
191 275 01
192 275 01
193 275 01
194 275 01
195 275 01
196 275 01
51 276 11
52 276 11
58 276 11
59 276 11
187 276 01
188 276 01
197 276 01
198 276 01
199 276 01
200 276 01
201 276 01
202 276 01
47 277 11
48 277 11
49 277 11
50 277 11
55 277 11
56 277 11
57 277 11
203 277 01
204 277 01
205 277 01
206 277 01
207 277 01
208 277 01
45 278 11
46 278 11
53 278 11
54 278 11
209 278 01
210 278 01
211 278 01
212 278 01
213 278 01
214 278 01
33 279 11
42 279 11
43 279 11
44 279 11
49 279 11
50 279 11
51 279 11
52 279 11
215 279 01
216 279 01
217 279 01
218 279 01
219 279 01
220 279 01
221 279 01
38 280 11
39 280 11
40 280 11
41 280 11
47 280 11
48 280 11
222 280 01
223 280 01
224 280 01
225 280 01
226 280 01
227 280 01
228 280 01
283 280 01
34 281 11
35 281 11
36 281 11
37 281 11
43 281 11
44 281 11
45 281 11
61 281 11
229 281 01
230 281 01
231 281 01
232 281 01
233 281 01
234 281 01
29 282 11
30 282 11
31 282 11
32 282 11
33 282 11
60 282 11
235 282 01
236 282 01
237 282 01
238 282 01
7 283 11
25 283 11
26 283 11
27 283 11
28 283 11
59 283 11
239 283 01
240 283 01
241 283 01
242 283 01
5 284 11
19 284 11
20 284 11
21 284 11
23 284 11
24 284 11
237 284 01
243 284 01
244 284 01
245 284 01
247 284 01
6 285 11
13 285 11
14 285 11
15 285 11
16 285 11
17 285 11
18 285 11
56 285 11
60 285 11
61 285 11
241 285 01
246 285 01
247 285 01
248 285 01
249 285 01
250 285 01
10 286 11
12 286 11
13 286 11
251 286 01
252 286 01
253 286 01
254 286 01
5 287 11
6 287 11
7 287 11
8 287 11
9 287 11
10 287 11
255 287 01
256 287 01
257 287 01
258 287 01
259 287 01
260 287 01
1 288 11
2 288 11
3 288 11
4 288 11
252 288 01
253 288 01
261 288 01
262 288 01
263 288 01
264 288 01
265 288 01
0 289 11
266 289 01
267 289 01
268 289 01
269 290 01
270 290 01
271 290 01
272 290 01
273 291 01
274 291 01
275 291 01
276 291 01
277 292 01
278 292 01
279 292 01
280 292 01
281 292 01
282 293 01
283 293 01
284 293 01
285 293 01
277 294 01
278 294 01
279 294 01
285 294 01
286 294 01
287 294 01
288 295 01
289 295 01
290 295 01
291 295 01
27 296 11
28 296 11
29 296 11
292 296 01
293 296 01
294 296 01
295 296 01
296 297 01
297 297 01
21 298 11
22 298 11
23 298 11
290 298 01
291 298 01
298 298 01
299 298 01
300 298 01
301 298 01
17 299 11
18 299 11
19 299 11
20 299 11
274 299 01
291 299 01
292 299 01
293 299 01
302 299 01
303 299 01
13 300 11
14 300 11
15 300 11
16 300 11
284 300 01
285 300 01
295 300 01
304 300 01
305 300 01
19 301 11
20 301 11
21 301 11
22 301 11
23 301 11
24 301 11
287 301 01
288 301 01
298 301 01
299 301 01
306 301 01
307 301 01
308 301 01
289 302 01
290 302 01
299 302 01
300 302 01
309 302 01
310 302 01
311 302 01
311 303 01
312 303 01
313 303 01
314 303 01
315 304 01
316 304 01
317 304 01
317 305 01
318 305 01
319 305 01
298 306 01
319 306 01
320 306 01
321 306 01
322 307 01
323 307 01
324 307 01
302 308 01
325 308 01
326 308 01
303 309 01
304 309 01
305 309 01
318 309 01
319 309 01
326 309 01
327 309 01
328 309 01
306 310 01
307 310 01
319 310 01
320 310 01
321 310 01
328 310 01
329 310 01
330 310 01
331 310 01
302 311 01
303 311 01
304 311 01
308 311 01
309 311 01
322 311 01
323 311 01
332 311 01
333 311 01
334 311 01
303 312 01
335 312 01
336 312 01
337 313 01
338 313 01
339 313 01
340 314 01
341 314 01
342 315 01
343 315 01
344 315 01
344 316 01
345 316 01
346 316 01
347 316 01
348 317 01
349 317 01
350 318 01
351 318 01
352 319 01
353 319 01
354 319 01
355 320 01
356 320 01
357 321 01
358 321 01
359 321 01
360 322 01
361 322 01
362 322 01
362 323 01
363 323 01
364 323 01
365 324 01
366 324 01
367 324 01
368 325 01
369 325 01
370 325 01
327 326 -10
370 326 01
371 326 01
372 326 01
328 327 01
372 327 01
373 327 01
374 327 01
375 328 01
376 328 01
377 328 01
378 329 01
379 329 01
380 330 01
381 330 01
382 331 01
383 331 01
384 331 01
385 332 01
386 332 01
386 333 01
387 333 01
341 334 01
342 335 01
343 335 01
344 336 01
345 336 01
346 337 01
361 337 01
362 337 01
391 337 01
392 337 01
393 337 01
394 337 01
347 338 01
348 338 01
363 338 01
364 338 01
349 339 01
401 339 01
350 340 01
402 340 01
403 340 01
404 340 01
405 341 01
406 341 01
407 342 01
408 342 01
409 342 01
410 342 01
410 343 01
411 343 01
412 343 01
413 344 01
414 344 01
415 344 01
360 345 01
416 345 01
417 345 01
361 346 01
418 346 01
419 346 01
420 346 01
420 347 01
421 347 01
422 348 01
423 348 01
424 348 01
430 351 01
431 351 01
432 352 01
433 352 01
434 352 01
434 353 01
435 353 01
436 353 01
395 354 30
437 354 01
438 354 01
439 354 01
440 355 01
441 355 01
442 356 01
443 356 01
444 356 01
445 357 01
446 357 01
447 357 01
396 365 30
396 366 30
397 366 30
398 366 30
399 367 30
400 367 30
400 368 30
401 368 30
401 369 30
402 369 30
405 371 30
406 371 30
407 372 30
408 372 30
408 373 30
409 373 30
410 373 30
411 374 30
412 375 30
414 376 30
415 376 30
415 377 30
416 377 30
420 379 30
421 379 30
424 381 30
427 383 30
428 383 30
429 383 30
441 391 30
428 568 -10
328 571 -10
329 571 -10
