47 263
48 263
49 264
50 264
57 268
57 269
57 270
57 271
58 271
56 272
60 272
56 273
61 273
54 274
55 274
56 274
60 274
61 274
53 275
54 275
60 275
51 276
52 276
58 276
59 276
47 277
48 277
49 277
50 277
55 277
56 277
57 277
45 278
46 278
53 278
54 278
33 279
42 279
43 279
44 279
49 279
50 279
51 279
52 279
38 280
39 280
40 280
41 280
47 280
48 280
34 281
35 281
36 281
37 281
43 281
44 281
45 281
61 281
29 282
30 282
31 282
32 282
33 282
60 282
7 283
25 283
26 283
27 283
28 283
59 283
5 284
19 284
20 284
21 284
23 284
24 284
6 285
13 285
14 285
15 285
16 285
17 285
18 285
56 285
60 285
61 285
10 286
12 286
13 286
5 287
6 287
7 287
8 287
9 287
10 287
1 288
2 288
3 288
4 288
0 289
27 296
28 296
29 296
21 298
22 298
23 298
17 299
18 299
19 299
20 299
13 300
14 300
15 300
16 300
19 301
20 301
21 301
22 301
23 301
24 301
